[gd_scene format=3 uid="uid://cq4t1e2ch5604"]

[ext_resource type="PackedScene" uid="uid://cju1vr25mrm6c" path="res://Scenes/Player.tscn" id="2_i63mn"]
[ext_resource type="PackedScene" uid="uid://djl5yfo88mr5k" path="res://Scenes/Worker.tscn" id="2_nw7js"]
[ext_resource type="PackedScene" uid="uid://bmihtf4pola16" path="res://Scenes/ResourceSystem/GoldMine/GoldMine.tscn" id="4_nw7js"]

[sub_resource type="ProceduralSkyMaterial" id="ProceduralSkyMaterial_nw7js"]
sky_top_color = Color(0.69398445, 0.4102423, 0.9096438, 1)
sky_horizon_color = Color(1.3113818, 1.1302875, 1.2688514, 1)
ground_bottom_color = Color(0.9245726, 0.48393774, 0.53879166, 1)
ground_horizon_color = Color(1.3113818, 1.1302875, 1.2688514, 1)

[sub_resource type="Sky" id="Sky_nh7xm"]
sky_material = SubResource("ProceduralSkyMaterial_nw7js")

[sub_resource type="Environment" id="Environment_j0k67"]
background_mode = 2
sky = SubResource("Sky_nh7xm")
tonemap_mode = 2
glow_enabled = true

[sub_resource type="NavigationMesh" id="NavigationMesh_i63mn"]
vertices = PackedVector3Array(-249.5, 1, -249.5, -249.5, 1, 249.5, 249.5, 1, 249.5, 249.5, 1, -249.5)
polygons = [PackedInt32Array(3, 2, 0), PackedInt32Array(0, 2, 1)]

[sub_resource type="StandardMaterial3D" id="StandardMaterial3D_gmdio"]
albedo_color = Color(0.16206557, 0.1620656, 0.16206557, 1)

[sub_resource type="BoxMesh" id="BoxMesh_oiua3"]
material = SubResource("StandardMaterial3D_gmdio")
size = Vector3(500, 1, 500)

[sub_resource type="ConcavePolygonShape3D" id="ConcavePolygonShape3D_i63mn"]
data = PackedVector3Array(-250, 0.5, 250, 250, 0.5, 250, -250, -0.5, 250, 250, 0.5, 250, 250, -0.5, 250, -250, -0.5, 250, 250, 0.5, -250, -250, 0.5, -250, 250, -0.5, -250, -250, 0.5, -250, -250, -0.5, -250, 250, -0.5, -250, 250, 0.5, 250, 250, 0.5, -250, 250, -0.5, 250, 250, 0.5, -250, 250, -0.5, -250, 250, -0.5, 250, -250, 0.5, -250, -250, 0.5, 250, -250, -0.5, -250, -250, 0.5, 250, -250, -0.5, 250, -250, -0.5, -250, 250, 0.5, 250, -250, 0.5, 250, 250, 0.5, -250, -250, 0.5, 250, -250, 0.5, -250, 250, 0.5, -250, -250, -0.5, 250, 250, -0.5, 250, -250, -0.5, -250, 250, -0.5, 250, 250, -0.5, -250, -250, -0.5, -250)

[node name="Level1" type="Node3D" unique_id=325649260]

[node name="WorldEnvironment" type="WorldEnvironment" parent="." unique_id=1714244248]
environment = SubResource("Environment_j0k67")

[node name="DirectionalLight3D" type="DirectionalLight3D" parent="." unique_id=1771314375]
transform = Transform3D(-0.9851093, 0.015881184, -0.17119397, 0, 0.9957247, 0.09237059, 0.17192902, 0.09099513, -0.98089767, 0, 0, 0)
light_color = Color(0.95687574, 0.8738433, 0.95415694, 1)
light_energy = 1.3
shadow_enabled = true
directional_shadow_max_distance = 119.0

[node name="Player" parent="." unique_id=1729164241 instance=ExtResource("2_i63mn")]
transform = Transform3D(1, 0, 0, 0, 0.70710677, 0.70710677, 0, -0.70710677, 0.70710677, 10.095755, 44.590073, 29.58529)

[node name="NavigationRegion3D" type="NavigationRegion3D" parent="." unique_id=719491947]
navigation_mesh = SubResource("NavigationMesh_i63mn")

[node name="Ground" type="MeshInstance3D" parent="NavigationRegion3D" unique_id=1768589768]
mesh = SubResource("BoxMesh_oiua3")

[node name="StaticBody3D" type="StaticBody3D" parent="NavigationRegion3D/Ground" unique_id=1015607862]

[node name="CollisionShape3D" type="CollisionShape3D" parent="NavigationRegion3D/Ground/StaticBody3D" unique_id=1335834174]
shape = SubResource("ConcavePolygonShape3D_i63mn")

[node name="workers" type="Node3D" parent="." unique_id=2136648180]
transform = Transform3D(1, 0, 0, 0, 1, 0, 0, 0, 1, 0, 0, 53.300133)

[node name="Worker" parent="workers" unique_id=955277270 instance=ExtResource("2_nw7js")]
transform = Transform3D(1, 0, 0, 0, 1, 0, 0, 0, 1, -3.8765144, 0.6, -37.282967)

[node name="Worker2" parent="workers" unique_id=32946828 instance=ExtResource("2_nw7js")]
transform = Transform3D(1, 0, 0, 0, 1, 0, 0, 0, 1, 1.5801697, 0.6, -37.282967)

[node name="Worker3" parent="workers" unique_id=2075365353 instance=ExtResource("2_nw7js")]
transform = Transform3D(1, 0, 0, 0, 1, 0, 0, 0, 1, 6.4088745, 0.6, -37.282967)

[node name="Worker4" parent="workers" unique_id=1939302800 instance=ExtResource("2_nw7js")]
transform = Transform3D(1, 0, 0, 0, 1, 0, 0, 0, 1, 12.4088745, 0.6, -37.282967)

[node name="Worker5" parent="workers" unique_id=1663868144 instance=ExtResource("2_nw7js")]
transform = Transform3D(1, 0, 0, 0, 1, 0, 0, 0, 1, 18.474434, 0.6, -37.282967)

[node name="Worker6" parent="workers" unique_id=1192261160 instance=ExtResource("2_nw7js")]
transform = Transform3D(1, 0, 0, 0, 1, 0, 0, 0, 1, 23.054504, 0.6, -37.282967)

[node name="Worker7" parent="workers" unique_id=1803188107 instance=ExtResource("2_nw7js")]
transform = Transform3D(1, 0, 0, 0, 1, 0, 0, 0, 1, 28.046844, 0.6, -37.282967)

[node name="Worker8" parent="workers" unique_id=240045818 instance=ExtResource("2_nw7js")]
transform = Transform3D(1, 0, 0, 0, 1, 0, 0, 0, 1, -39.288273, 0.6, -37.282967)

[node name="Worker9" parent="workers" unique_id=927293212 instance=ExtResource("2_nw7js")]
transform = Transform3D(1, 0, 0, 0, 1, 0, 0, 0, 1, -33.83159, 0.6, -37.282967)

[node name="Worker10" parent="workers" unique_id=1748965411 instance=ExtResource("2_nw7js")]
transform = Transform3D(1, 0, 0, 0, 1, 0, 0, 0, 1, -29.002884, 0.6, -37.282967)

[node name="Worker11" parent="workers" unique_id=765295157 instance=ExtResource("2_nw7js")]
transform = Transform3D(1, 0, 0, 0, 1, 0, 0, 0, 1, -23.002884, 0.6, -37.282967)

[node name="Worker12" parent="workers" unique_id=636290777 instance=ExtResource("2_nw7js")]
transform = Transform3D(1, 0, 0, 0, 1, 0, 0, 0, 1, -16.937325, 0.6, -37.282967)

[node name="Worker13" parent="workers" unique_id=728266192 instance=ExtResource("2_nw7js")]
transform = Transform3D(1, 0, 0, 0, 1, 0, 0, 0, 1, -12.357254, 0.6, -37.282967)

[node name="Worker14" parent="workers" unique_id=1548916729 instance=ExtResource("2_nw7js")]
transform = Transform3D(1, 0, 0, 0, 1, 0, 0, 0, 1, -7.364914, 0.6, -37.282967)

[node name="Worker15" parent="workers" unique_id=199167721 instance=ExtResource("2_nw7js")]
transform = Transform3D(1, 0, 0, 0, 1, 0, 0, 0, 1, -3.8765144, 0.6, -30.943413)

[node name="Worker16" parent="workers" unique_id=400894150 instance=ExtResource("2_nw7js")]
transform = Transform3D(1, 0, 0, 0, 1, 0, 0, 0, 1, 1.5801697, 0.6, -30.943413)

[node name="Worker17" parent="workers" unique_id=999098445 instance=ExtResource("2_nw7js")]
transform = Transform3D(1, 0, 0, 0, 1, 0, 0, 0, 1, 6.4088745, 0.6, -30.943413)

[node name="Worker18" parent="workers" unique_id=1654862193 instance=ExtResource("2_nw7js")]
transform = Transform3D(1, 0, 0, 0, 1, 0, 0, 0, 1, 12.4088745, 0.6, -30.943413)

[node name="Worker19" parent="workers" unique_id=566135840 instance=ExtResource("2_nw7js")]
transform = Transform3D(1, 0, 0, 0, 1, 0, 0, 0, 1, 18.474434, 0.6, -30.943413)

[node name="Worker20" parent="workers" unique_id=131204337 instance=ExtResource("2_nw7js")]
transform = Transform3D(1, 0, 0, 0, 1, 0, 0, 0, 1, 23.054504, 0.6, -30.943413)

[node name="Worker21" parent="workers" unique_id=177692484 instance=ExtResource("2_nw7js")]
transform = Transform3D(1, 0, 0, 0, 1, 0, 0, 0, 1, 28.046844, 0.6, -30.943413)

[node name="Worker22" parent="workers" unique_id=1794372849 instance=ExtResource("2_nw7js")]
transform = Transform3D(1, 0, 0, 0, 1, 0, 0, 0, 1, -39.288273, 0.6, -30.943413)

[node name="Worker23" parent="workers" unique_id=2089694809 instance=ExtResource("2_nw7js")]
transform = Transform3D(1, 0, 0, 0, 1, 0, 0, 0, 1, -33.83159, 0.6, -30.943413)

[node name="Worker24" parent="workers" unique_id=588248696 instance=ExtResource("2_nw7js")]
transform = Transform3D(1, 0, 0, 0, 1, 0, 0, 0, 1, -29.002884, 0.6, -30.943413)

[node name="Worker25" parent="workers" unique_id=988417291 instance=ExtResource("2_nw7js")]
transform = Transform3D(1, 0, 0, 0, 1, 0, 0, 0, 1, -23.002884, 0.6, -30.943413)

[node name="Worker26" parent="workers" unique_id=774974346 instance=ExtResource("2_nw7js")]
transform = Transform3D(1, 0, 0, 0, 1, 0, 0, 0, 1, -16.937325, 0.6, -30.943413)

[node name="Worker27" parent="workers" unique_id=1266225374 instance=ExtResource("2_nw7js")]
transform = Transform3D(1, 0, 0, 0, 1, 0, 0, 0, 1, -12.357254, 0.6, -30.943413)

[node name="Worker28" parent="workers" unique_id=429794197 instance=ExtResource("2_nw7js")]
transform = Transform3D(1, 0, 0, 0, 1, 0, 0, 0, 1, -7.364914, 0.6, -30.943413)

[node name="Worker29" parent="workers" unique_id=83483940 instance=ExtResource("2_nw7js")]
transform = Transform3D(1, 0, 0, 0, 1, 0, 0, 0, 1, -3.8765144, 0.6, -24.813225)

[node name="Worker30" parent="workers" unique_id=1429990016 instance=ExtResource("2_nw7js")]
transform = Transform3D(1, 0, 0, 0, 1, 0, 0, 0, 1, 1.5801697, 0.6, -24.813225)

[node name="Worker31" parent="workers" unique_id=1659888378 instance=ExtResource("2_nw7js")]
transform = Transform3D(1, 0, 0, 0, 1, 0, 0, 0, 1, 6.4088745, 0.6, -24.813225)

[node name="Worker32" parent="workers" unique_id=1696754866 instance=ExtResource("2_nw7js")]
transform = Transform3D(1, 0, 0, 0, 1, 0, 0, 0, 1, 12.4088745, 0.6, -24.813225)

[node name="Worker33" parent="workers" unique_id=642398676 instance=ExtResource("2_nw7js")]
transform = Transform3D(1, 0, 0, 0, 1, 0, 0, 0, 1, 18.474434, 0.6, -24.813225)

[node name="Worker34" parent="workers" unique_id=1527098776 instance=ExtResource("2_nw7js")]
transform = Transform3D(1, 0, 0, 0, 1, 0, 0, 0, 1, 23.054504, 0.6, -24.813225)

[node name="Worker35" parent="workers" unique_id=219624820 instance=ExtResource("2_nw7js")]
transform = Transform3D(1, 0, 0, 0, 1, 0, 0, 0, 1, 28.046844, 0.6, -24.813225)

[node name="Worker36" parent="workers" unique_id=244196592 instance=ExtResource("2_nw7js")]
transform = Transform3D(1, 0, 0, 0, 1, 0, 0, 0, 1, -39.288273, 0.6, -24.813225)

[node name="Worker37" parent="workers" unique_id=1645912694 instance=ExtResource("2_nw7js")]
transform = Transform3D(1, 0, 0, 0, 1, 0, 0, 0, 1, -33.83159, 0.6, -24.813225)

[node name="Worker38" parent="workers" unique_id=1895719828 instance=ExtResource("2_nw7js")]
transform = Transform3D(1, 0, 0, 0, 1, 0, 0, 0, 1, -29.002884, 0.6, -24.813225)

[node name="Worker39" parent="workers" unique_id=1349755212 instance=ExtResource("2_nw7js")]
transform = Transform3D(1, 0, 0, 0, 1, 0, 0, 0, 1, -23.002884, 0.6, -24.813225)

[node name="Worker40" parent="workers" unique_id=2143060648 instance=ExtResource("2_nw7js")]
transform = Transform3D(1, 0, 0, 0, 1, 0, 0, 0, 1, -16.937325, 0.6, -24.813225)

[node name="Worker41" parent="workers" unique_id=1649893245 instance=ExtResource("2_nw7js")]
transform = Transform3D(1, 0, 0, 0, 1, 0, 0, 0, 1, -12.357254, 0.6, -24.813225)

[node name="Worker42" parent="workers" unique_id=2054437454 instance=ExtResource("2_nw7js")]
transform = Transform3D(1, 0, 0, 0, 1, 0, 0, 0, 1, -7.364914, 0.6, -24.813225)

[node name="res" type="Node3D" parent="." unique_id=1468353456]
transform = Transform3D(1, 0, 0, 0, 1, 0, 0, 0, 1, 0, 0, 53.300133)

[node name="GoldMine" parent="res" unique_id=741631677 instance=ExtResource("4_nw7js")]
transform = Transform3D(1, 0, 0, 0, 1, 0, 0, 0, 1, -60.628353, 1.2354684, -78.40738)

[node name="GoldMine3" parent="res" unique_id=781816101 instance=ExtResource("4_nw7js")]
transform = Transform3D(1, 0, 0, 0, 1, 0, 0, 0, 1, -54.919064, 1.2354684, -69.39551)

[node name="GoldMine4" parent="res" unique_id=1414139618 instance=ExtResource("4_nw7js")]
transform = Transform3D(1, 0, 0, 0, 1, 0, 0, 0, 1, -44.694992, 1.2354684, -71.21095)

[node name="GoldMine5" parent="res" unique_id=1167792308 instance=ExtResource("4_nw7js")]
transform = Transform3D(1, 0, 0, 0, 1, 0, 0, 0, 1, -36.8666, 1.2354684, -66.91268)

[node name="GoldMine6" parent="res" unique_id=1819010539 instance=ExtResource("4_nw7js")]
transform = Transform3D(1, 0, 0, 0, 1, 0, 0, 0, 1, -52.29362, 1.2354684, -85.36694)

[node name="GoldMine19" parent="res" unique_id=2009818829 instance=ExtResource("4_nw7js")]
transform = Transform3D(1, 0, 0, 0, 1, 0, 0, 0, 1, -41.557064, 1.2354684, -91.54802)

[node name="GoldMine20" parent="res" unique_id=1334715924 instance=ExtResource("4_nw7js")]
transform = Transform3D(1, 0, 0, 0, 1, 0, 0, 0, 1, -37.65383, 1.2354684, -80.84344)

[node name="GoldMine21" parent="res" unique_id=1966020524 instance=ExtResource("4_nw7js")]
transform = Transform3D(1, 0, 0, 0, 1, 0, 0, 0, 1, -32.836754, 1.2354684, -103.19829)

[node name="GoldMine22" parent="res" unique_id=1376862018 instance=ExtResource("4_nw7js")]
transform = Transform3D(1, 0, 0, 0, 1, 0, 0, 0, 1, -24.432064, 1.2354684, -77.11134)

[node name="GoldMine23" parent="res" unique_id=2088306773 instance=ExtResource("4_nw7js")]
transform = Transform3D(1, 0, 0, 0, 1, 0, 0, 0, 1, -24.552658, 1.2354684, -92.452995)

[node name="GoldMine24" parent="res" unique_id=10008050 instance=ExtResource("4_nw7js")]
transform = Transform3D(1, 0, 0, 0, 1, 0, 0, 0, 1, -14.639595, 1.2354684, -82.21355)

[node name="GoldMine7" parent="res" unique_id=208086182 instance=ExtResource("4_nw7js")]
transform = Transform3D(0.87876713, 0, 0.47725078, 0, 1, 0, -0.47725078, 0, 0.87876713, 4.706254, 1.2354684, -66.945755)

[node name="GoldMine8" parent="res" unique_id=227312628 instance=ExtResource("4_nw7js")]
transform = Transform3D(0.87876713, 0, 0.47725078, 0, 1, 0, -0.47725078, 0, 0.87876713, 10.267343, 1.2354684, -87.40326)

[node name="GoldMine9" parent="res" unique_id=782925737 instance=ExtResource("4_nw7js")]
transform = Transform3D(0.87876713, 0, 0.47725078, 0, 1, 0, -0.47725078, 0, 0.87876713, -8.928077, 1.2354684, -69.37632)

[node name="GoldMine10" parent="res" unique_id=1537399658 instance=ExtResource("4_nw7js")]
transform = Transform3D(0.87876713, 0, 0.47725078, 0, 1, 0, -0.47725078, 0, 0.87876713, -0.809921, 1.2354684, -75.85112)

[node name="GoldMine11" parent="res" unique_id=193019655 instance=ExtResource("4_nw7js")]
transform = Transform3D(0.87876713, 0, 0.47725078, 0, 1, 0, -0.47725078, 0, 0.87876713, -5.7747707, 1.2354684, -94.78623)

[node name="GoldMine12" parent="res" unique_id=165331357 instance=ExtResource("4_nw7js")]
transform = Transform3D(0.87876713, 0, 0.47725078, 0, 1, 0, -0.47725078, 0, 0.87876713, 17.897068, 1.2354684, -72.956375)

[node name="GoldMine13" parent="res" unique_id=1950948220 instance=ExtResource("4_nw7js")]
transform = Transform3D(0.53740263, 0, -0.8433258, 0, 1, 0, 0.8433258, 0, 0.53740263, 28.890171, 1.2354684, -74.22792)

[node name="GoldMine14" parent="res" unique_id=51316438 instance=ExtResource("4_nw7js")]
transform = Transform3D(0.53740263, 0, -0.8433258, 0, 1, 0, 0.8433258, 0, 0.53740263, 25.27198, 1.2354684, -89.94701)

[node name="GoldMine15" parent="res" unique_id=1181768753 instance=ExtResource("4_nw7js")]
transform = Transform3D(0.53740263, 0, -0.8433258, 0, 1, 0, 0.8433258, 0, 0.53740263, 37.70625, 1.2354684, -83.980415)

[node name="GoldMine16" parent="res" unique_id=1899944230 instance=ExtResource("4_nw7js")]
transform = Transform3D(0.53740263, 0, -0.8433258, 0, 1, 0, 0.8433258, 0, 0.53740263, 37.460686, 1.2354684, -64.9342)

[node name="GoldMine17" parent="res" unique_id=390998857 instance=ExtResource("4_nw7js")]
transform = Transform3D(0.53740263, 0, -0.8433258, 0, 1, 0, 0.8433258, 0, 0.53740263, 48.167305, 6.5948815, -78.31661)

[node name="GoldMine18" parent="res" unique_id=1242069351 instance=ExtResource("4_nw7js")]
transform = Transform3D(0.53740263, 0, -0.8433258, 0, 1, 0, 0.8433258, 0, 0.53740263, 51.238194, 1.2354646, -68.74889)

[node name="GoldMine25" parent="res" unique_id=1423335637 instance=ExtResource("4_nw7js")]
transform = Transform3D(1, 0, 0, 0, 1, 0, 0, 0, 1, -156.03659, 1.2354684, -124.35587)

[node name="GoldMine26" parent="res" unique_id=908308248 instance=ExtResource("4_nw7js")]
transform = Transform3D(1, 0, 0, 0, 1, 0, 0, 0, 1, -155.46265, 1.2354684, -109.78759)

[node name="GoldMine27" parent="res" unique_id=746922952 instance=ExtResource("4_nw7js")]
transform = Transform3D(1, 0, 0, 0, 1, 0, 0, 0, 1, -150.3273, 1.2354684, -115.344)

[node name="GoldMine28" parent="res" unique_id=1489786180 instance=ExtResource("4_nw7js")]
transform = Transform3D(1, 0, 0, 0, 1, 0, 0, 0, 1, -140.10323, 1.2354684, -117.15945)

[node name="GoldMine29" parent="res" unique_id=418836529 instance=ExtResource("4_nw7js")]
transform = Transform3D(1, 0, 0, 0, 1, 0, 0, 0, 1, -132.27484, 1.2354684, -112.861176)

[node name="GoldMine30" parent="res" unique_id=516608655 instance=ExtResource("4_nw7js")]
transform = Transform3D(1, 0, 0, 0, 1, 0, 0, 0, 1, -149.051, 1.2354684, -131.4588)

[node name="GoldMine31" parent="res" unique_id=1962043501 instance=ExtResource("4_nw7js")]
transform = Transform3D(1, 0, 0, 0, 1, 0, 0, 0, 1, -136.9653, 1.2354684, -137.49652)

[node name="GoldMine32" parent="res" unique_id=1119898517 instance=ExtResource("4_nw7js")]
transform = Transform3D(1, 0, 0, 0, 1, 0, 0, 0, 1, -133.06207, 1.2354684, -126.79193)

[node name="GoldMine33" parent="res" unique_id=1366499155 instance=ExtResource("4_nw7js")]
transform = Transform3D(1, 0, 0, 0, 1, 0, 0, 0, 1, -128.245, 1.2354684, -149.14679)

[node name="GoldMine34" parent="res" unique_id=587662084 instance=ExtResource("4_nw7js")]
transform = Transform3D(1, 0, 0, 0, 1, 0, 0, 0, 1, -119.8403, 1.2354684, -123.05984)

[node name="GoldMine35" parent="res" unique_id=949964972 instance=ExtResource("4_nw7js")]
transform = Transform3D(1, 0, 0, 0, 1, 0, 0, 0, 1, -119.96089, 1.2354684, -138.40149)

[node name="GoldMine36" parent="res" unique_id=1989856913 instance=ExtResource("4_nw7js")]
transform = Transform3D(1, 0, 0, 0, 1, 0, 0, 0, 1, -110.04783, 1.2354684, -128.16205)

[node name="GoldMine37" parent="res" unique_id=1753807845 instance=ExtResource("4_nw7js")]
transform = Transform3D(0.87876713, 0, 0.47725078, 0, 1, 0, -0.47725078, 0, 0.87876713, -90.70198, 1.2354684, -112.89425)

[node name="GoldMine38" parent="res" unique_id=188542184 instance=ExtResource("4_nw7js")]
transform = Transform3D(0.87876713, 0, 0.47725078, 0, 1, 0, -0.47725078, 0, 0.87876713, -85.14089, 1.2354684, -133.35175)

[node name="GoldMine39" parent="res" unique_id=560120247 instance=ExtResource("4_nw7js")]
transform = Transform3D(0.87876713, 0, 0.47725078, 0, 1, 0, -0.47725078, 0, 0.87876713, -104.33631, 1.2354684, -115.324814)

[node name="GoldMine40" parent="res" unique_id=718083224 instance=ExtResource("4_nw7js")]
transform = Transform3D(0.87876713, 0, 0.47725078, 0, 1, 0, -0.47725078, 0, 0.87876713, -96.218155, 1.2354684, -121.799614)

[node name="GoldMine41" parent="res" unique_id=1287973014 instance=ExtResource("4_nw7js")]
transform = Transform3D(0.87876713, 0, 0.47725078, 0, 1, 0, -0.47725078, 0, 0.87876713, -101.18301, 1.2354684, -140.73474)

[node name="GoldMine42" parent="res" unique_id=1082229836 instance=ExtResource("4_nw7js")]
transform = Transform3D(0.87876713, 0, 0.47725078, 0, 1, 0, -0.47725078, 0, 0.87876713, -77.51117, 1.2354684, -118.90487)

[node name="GoldMine43" parent="res" unique_id=426249189 instance=ExtResource("4_nw7js")]
transform = Transform3D(0.53740263, 0, -0.8433258, 0, 1, 0, 0.8433258, 0, 0.53740263, -66.51807, 1.2354684, -120.176414)

[node name="GoldMine44" parent="res" unique_id=71314100 instance=ExtResource("4_nw7js")]
transform = Transform3D(0.53740263, 0, -0.8433258, 0, 1, 0, 0.8433258, 0, 0.53740263, -70.13625, 1.2354684, -135.89551)

[node name="GoldMine45" parent="res" unique_id=699143746 instance=ExtResource("4_nw7js")]
transform = Transform3D(0.53740263, 0, -0.8433258, 0, 1, 0, 0.8433258, 0, 0.53740263, -57.701984, 1.2354684, -129.92891)

[node name="GoldMine46" parent="res" unique_id=971508806 instance=ExtResource("4_nw7js")]
transform = Transform3D(0.53740263, 0, -0.8433258, 0, 1, 0, 0.8433258, 0, 0.53740263, -57.947548, 1.2354684, -110.88269)

[node name="GoldMine47" parent="res" unique_id=942830852 instance=ExtResource("4_nw7js")]
transform = Transform3D(0.53740263, 0, -0.8433258, 0, 1, 0, 0.8433258, 0, 0.53740263, -47.24093, 6.5948815, -124.26511)

[node name="GoldMine48" parent="res" unique_id=1600353743 instance=ExtResource("4_nw7js")]
transform = Transform3D(0.53740263, 0, -0.8433258, 0, 1, 0, 0.8433258, 0, 0.53740263, -46.26203, 1.2354684, -118.51609)

[node name="GoldMine49" parent="res" unique_id=1056136488 instance=ExtResource("4_nw7js")]
transform = Transform3D(1, 0, 0, 0, 1, 0, 0, 0, 1, -19.753555, 1.2354684, -130.69818)

[node name="GoldMine50" parent="res" unique_id=616058765 instance=ExtResource("4_nw7js")]
transform = Transform3D(1, 0, 0, 0, 1, 0, 0, 0, 1, -19.179611, 1.2354684, -116.1299)

[node name="GoldMine51" parent="res" unique_id=1709394736 instance=ExtResource("4_nw7js")]
transform = Transform3D(1, 0, 0, 0, 1, 0, 0, 0, 1, -14.044266, 1.2354684, -121.68631)

[node name="GoldMine52" parent="res" unique_id=861233314 instance=ExtResource("4_nw7js")]
transform = Transform3D(1, 0, 0, 0, 1, 0, 0, 0, 1, -3.8201904, 1.2354684, -123.501755)

[node name="GoldMine53" parent="res" unique_id=528371823 instance=ExtResource("4_nw7js")]
transform = Transform3D(1, 0, 0, 0, 1, 0, 0, 0, 1, 4.008194, 1.2354684, -119.20348)

[node name="GoldMine54" parent="res" unique_id=2043133046 instance=ExtResource("4_nw7js")]
transform = Transform3D(1, 0, 0, 0, 1, 0, 0, 0, 1, -12.76796, 1.2354684, -137.80112)

[node name="GoldMine55" parent="res" unique_id=624922892 instance=ExtResource("4_nw7js")]
transform = Transform3D(1, 0, 0, 0, 1, 0, 0, 0, 1, -0.68226624, 1.2354684, -143.83884)

[node name="GoldMine56" parent="res" unique_id=2008658887 instance=ExtResource("4_nw7js")]
transform = Transform3D(1, 0, 0, 0, 1, 0, 0, 0, 1, 3.2209625, 1.2354684, -133.13425)

[node name="GoldMine57" parent="res" unique_id=1791213506 instance=ExtResource("4_nw7js")]
transform = Transform3D(1, 0, 0, 0, 1, 0, 0, 0, 1, 8.03804, 1.2354684, -155.4891)

[node name="GoldMine58" parent="res" unique_id=1042634177 instance=ExtResource("4_nw7js")]
transform = Transform3D(1, 0, 0, 0, 1, 0, 0, 0, 1, 16.442734, 1.2354684, -129.40215)

[node name="GoldMine59" parent="res" unique_id=610666463 instance=ExtResource("4_nw7js")]
transform = Transform3D(1, 0, 0, 0, 1, 0, 0, 0, 1, 16.322144, 1.2354684, -144.7438)

[node name="GoldMine60" parent="res" unique_id=1903911286 instance=ExtResource("4_nw7js")]
transform = Transform3D(1, 0, 0, 0, 1, 0, 0, 0, 1, 26.235207, 1.2354684, -134.50436)

[node name="GoldMine61" parent="res" unique_id=567307659 instance=ExtResource("4_nw7js")]
transform = Transform3D(0.87876713, 0, 0.47725078, 0, 1, 0, -0.47725078, 0, 0.87876713, 45.581055, 1.2354684, -119.23656)

[node name="GoldMine62" parent="res" unique_id=451310824 instance=ExtResource("4_nw7js")]
transform = Transform3D(0.87876713, 0, 0.47725078, 0, 1, 0, -0.47725078, 0, 0.87876713, 51.142143, 1.2354684, -139.69406)

[node name="GoldMine63" parent="res" unique_id=437919378 instance=ExtResource("4_nw7js")]
transform = Transform3D(0.87876713, 0, 0.47725078, 0, 1, 0, -0.47725078, 0, 0.87876713, 31.946724, 1.2354684, -121.66712)

[node name="GoldMine64" parent="res" unique_id=699282655 instance=ExtResource("4_nw7js")]
transform = Transform3D(0.87876713, 0, 0.47725078, 0, 1, 0, -0.47725078, 0, 0.87876713, 40.06488, 1.2354684, -128.14192)

[node name="GoldMine65" parent="res" unique_id=110062984 instance=ExtResource("4_nw7js")]
transform = Transform3D(0.87876713, 0, 0.47725078, 0, 1, 0, -0.47725078, 0, 0.87876713, 35.10003, 1.2354684, -147.07706)

[node name="GoldMine66" parent="res" unique_id=1968803278 instance=ExtResource("4_nw7js")]
transform = Transform3D(0.87876713, 0, 0.47725078, 0, 1, 0, -0.47725078, 0, 0.87876713, 58.771866, 1.2354684, -125.24718)

[node name="GoldMine67" parent="res" unique_id=611973489 instance=ExtResource("4_nw7js")]
transform = Transform3D(0.53740263, 0, -0.8433258, 0, 1, 0, 0.8433258, 0, 0.53740263, 69.76497, 1.2354684, -126.51872)

[node name="GoldMine68" parent="res" unique_id=140337530 instance=ExtResource("4_nw7js")]
transform = Transform3D(0.53740263, 0, -0.8433258, 0, 1, 0, 0.8433258, 0, 0.53740263, 66.14678, 1.2354684, -142.23782)

[node name="GoldMine69" parent="res" unique_id=610608437 instance=ExtResource("4_nw7js")]
transform = Transform3D(0.53740263, 0, -0.8433258, 0, 1, 0, 0.8433258, 0, 0.53740263, 78.581055, 1.2354684, -136.27121)

[node name="GoldMine70" parent="res" unique_id=1513773026 instance=ExtResource("4_nw7js")]
transform = Transform3D(0.53740263, 0, -0.8433258, 0, 1, 0, 0.8433258, 0, 0.53740263, 78.33549, 1.2354684, -117.225)

[node name="GoldMine71" parent="res" unique_id=784184355 instance=ExtResource("4_nw7js")]
transform = Transform3D(0.53740263, 0, -0.8433258, 0, 1, 0, 0.8433258, 0, 0.53740263, 89.04211, 6.5948815, -130.60742)

[node name="GoldMine72" parent="res" unique_id=1117679668 instance=ExtResource("4_nw7js")]
transform = Transform3D(0.53740263, 0, -0.8433258, 0, 1, 0, 0.8433258, 0, 0.53740263, 90.021, 1.2354684, -124.8584)

[node name="GoldMine73" parent="res" unique_id=53093462 instance=ExtResource("4_nw7js")]
transform = Transform3D(1, 0, 0, 0, 1, 0, 0, 0, 1, -128.93237, 1.2354684, -77.070335)

[node name="GoldMine74" parent="res" unique_id=1075202517 instance=ExtResource("4_nw7js")]
transform = Transform3D(1, 0, 0, 0, 1, 0, 0, 0, 1, -128.35843, 1.2354684, -62.502052)

[node name="GoldMine75" parent="res" unique_id=1056142620 instance=ExtResource("4_nw7js")]
transform = Transform3D(1, 0, 0, 0, 1, 0, 0, 0, 1, -123.22308, 1.2354684, -68.058464)

[node name="GoldMine95" parent="res" unique_id=844455764 instance=ExtResource("4_nw7js")]
transform = Transform3D(1, 0, 0, 0, 1, 0, 0, 0, 1, -115.06529, 1.2354684, -56.005478)

[node name="GoldMine101" parent="res" unique_id=1234092572 instance=ExtResource("4_nw7js")]
transform = Transform3D(1, 0, 0, 0, 1, 0, 0, 0, 1, -122.89085, 1.2354684, -49.650677)

[node name="GoldMine121" parent="res" unique_id=1868584932 instance=ExtResource("4_nw7js")]
transform = Transform3D(1, 0, 0, 0, 1, 0, 0, 0, 1, -143.14447, 1.2354684, -78.31994)

[node name="GoldMine122" parent="res" unique_id=1893858094 instance=ExtResource("4_nw7js")]
transform = Transform3D(1, 0, 0, 0, 1, 0, 0, 0, 1, -141.15161, 1.2354684, -91.34569)

[node name="GoldMine123" parent="res" unique_id=1548090794 instance=ExtResource("4_nw7js")]
transform = Transform3D(1, 0, 0, 0, 1, 0, 0, 0, 1, -133.50409, 1.2354684, -98.42115)

[node name="GoldMine124" parent="res" unique_id=1305085441 instance=ExtResource("4_nw7js")]
transform = Transform3D(1, 0, 0, 0, 1, 0, 0, 0, 1, -152.50409, 1.2354684, -90.42115)

[node name="GoldMine125" parent="res" unique_id=1898971847 instance=ExtResource("4_nw7js")]
transform = Transform3D(1, 0, 0, 0, 1, 0, 0, 0, 1, -157.50409, 1.2354684, -78.42115)

[node name="GoldMine126" parent="res" unique_id=959492667 instance=ExtResource("4_nw7js")]
transform = Transform3D(1, 0, 0, 0, 1, 0, 0, 0, 1, -142.50409, 1.2354684, -65.42115)

[node name="GoldMine127" parent="res" unique_id=1274958492 instance=ExtResource("4_nw7js")]
transform = Transform3D(1, 0, 0, 0, 1, 0, 0, 0, 1, -133.50409, 1.2354684, -46.42115)

[node name="GoldMine128" parent="res" unique_id=1325401899 instance=ExtResource("4_nw7js")]
transform = Transform3D(1, 0, 0, 0, 1, 0, 0, 0, 1, -150.66208, 1.2354684, -59.12925)

[node name="GoldMine129" parent="res" unique_id=1571609156 instance=ExtResource("4_nw7js")]
transform = Transform3D(1, 0, 0, 0, 1, 0, 0, 0, 1, -165.66208, 1.2354684, -71.12925)

[node name="GoldMine76" parent="res" unique_id=224428773 instance=ExtResource("4_nw7js")]
transform = Transform3D(1, 0, 0, 0, 1, 0, 0, 0, 1, -112.99901, 1.2354684, -69.87391)

[node name="GoldMine77" parent="res" unique_id=1305544765 instance=ExtResource("4_nw7js")]
transform = Transform3D(1, 0, 0, 0, 1, 0, 0, 0, 1, -105.17062, 1.2354684, -65.57564)

[node name="GoldMine152" parent="res" unique_id=1174259560 instance=ExtResource("4_nw7js")]
transform = Transform3D(1, 0, 0, 0, 1, 0, 0, 0, 1, -158.74734, 1.2354684, -51.049545)

[node name="GoldMine153" parent="res" unique_id=1317322570 instance=ExtResource("4_nw7js")]
transform = Transform3D(1, 0, 0, 0, 1, 0, 0, 0, 1, -171.93507, 1.2354684, -61.112473)

[node name="GoldMine154" parent="res" unique_id=1822731038 instance=ExtResource("4_nw7js")]
transform = Transform3D(1, 0, 0, 0, 1, 0, 0, 0, 1, -173.93507, 1.2354684, -47.112473)

[node name="GoldMine155" parent="res" unique_id=1740667617 instance=ExtResource("4_nw7js")]
transform = Transform3D(1, 0, 0, 0, 1, 0, 0, 0, 1, -152.07124, 1.2354684, -38.29517)

[node name="GoldMine156" parent="res" unique_id=1514725509 instance=ExtResource("4_nw7js")]
transform = Transform3D(1, 0, 0, 0, 1, 0, 0, 0, 1, -158.84059, 1.2354684, -25.354492)

[node name="GoldMine157" parent="res" unique_id=496997468 instance=ExtResource("4_nw7js")]
transform = Transform3D(1, 0, 0, 0, 1, 0, 0, 0, 1, -129.32294, 1.2354684, -29.412914)

[node name="GoldMine158" parent="res" unique_id=1389668736 instance=ExtResource("4_nw7js")]
transform = Transform3D(1, 0, 0, 0, 1, 0, 0, 0, 1, -140.98907, 1.2354684, -19.201912)

[node name="GoldMine159" parent="res" unique_id=720978660 instance=ExtResource("4_nw7js")]
transform = Transform3D(1, 0, 0, 0, 1, 0, 0, 0, 1, -118.989075, 1.2354684, -13.201912)

[node name="GoldMine160" parent="res" unique_id=1646064878 instance=ExtResource("4_nw7js")]
transform = Transform3D(1, 0, 0, 0, 1, 0, 0, 0, 1, -149.23541, 1.2354684, -7.293272)

[node name="GoldMine161" parent="res" unique_id=1727633710 instance=ExtResource("4_nw7js")]
transform = Transform3D(1, 0, 0, 0, 1, 0, 0, 0, 1, -130.15088, 1.2354684, -5.2430763)

[node name="GoldMine162" parent="res" unique_id=1343171058 instance=ExtResource("4_nw7js")]
transform = Transform3D(1, 0, 0, 0, 1, 0, 0, 0, 1, -116.98549, 1.2354684, -34.83944)

[node name="GoldMine78" parent="res" unique_id=1619982702 instance=ExtResource("4_nw7js")]
transform = Transform3D(1, 0, 0, 0, 1, 0, 0, 0, 1, -121.94678, 1.2354684, -84.17327)

[node name="GoldMine79" parent="res" unique_id=1246943116 instance=ExtResource("4_nw7js")]
transform = Transform3D(1, 0, 0, 0, 1, 0, 0, 0, 1, -109.861084, 1.2354684, -90.21099)

[node name="GoldMine80" parent="res" unique_id=1446174491 instance=ExtResource("4_nw7js")]
transform = Transform3D(1, 0, 0, 0, 1, 0, 0, 0, 1, -105.957855, 1.2354684, -79.5064)

[node name="GoldMine81" parent="res" unique_id=267282721 instance=ExtResource("4_nw7js")]
transform = Transform3D(1, 0, 0, 0, 1, 0, 0, 0, 1, -101.14078, 1.2354684, -101.86126)

[node name="GoldMine82" parent="res" unique_id=334974377 instance=ExtResource("4_nw7js")]
transform = Transform3D(1, 0, 0, 0, 1, 0, 0, 0, 1, -92.736084, 1.2354684, -75.7743)

[node name="GoldMine83" parent="res" unique_id=723873739 instance=ExtResource("4_nw7js")]
transform = Transform3D(1, 0, 0, 0, 1, 0, 0, 0, 1, -92.856674, 1.2354684, -91.11596)

[node name="GoldMine84" parent="res" unique_id=893014439 instance=ExtResource("4_nw7js")]
transform = Transform3D(1, 0, 0, 0, 1, 0, 0, 0, 1, -82.94361, 1.2354684, -80.87652)

[node name="GoldMine85" parent="res" unique_id=1624052880 instance=ExtResource("4_nw7js")]
transform = Transform3D(0.87876713, 0, 0.47725078, 0, 1, 0, -0.47725078, 0, 0.87876713, -63.597763, 1.2354684, -65.60871)

[node name="GoldMine86" parent="res" unique_id=1098195747 instance=ExtResource("4_nw7js")]
transform = Transform3D(0.87876713, 0, 0.47725078, 0, 1, 0, -0.47725078, 0, 0.87876713, -58.036674, 1.2354684, -86.066216)

[node name="GoldMine87" parent="res" unique_id=1873088420 instance=ExtResource("4_nw7js")]
transform = Transform3D(0.87876713, 0, 0.47725078, 0, 1, 0, -0.47725078, 0, 0.87876713, -77.23209, 1.2354684, -68.039276)

[node name="GoldMine88" parent="res" unique_id=972163119 instance=ExtResource("4_nw7js")]
transform = Transform3D(0.87876713, 0, 0.47725078, 0, 1, 0, -0.47725078, 0, 0.87876713, -69.11394, 1.2354684, -74.51408)

[node name="GoldMine89" parent="res" unique_id=1014108238 instance=ExtResource("4_nw7js")]
transform = Transform3D(0.87876713, 0, 0.47725078, 0, 1, 0, -0.47725078, 0, 0.87876713, -74.07879, 1.2354684, -93.44921)

[node name="GoldMine90" parent="res" unique_id=856451616 instance=ExtResource("4_nw7js")]
transform = Transform3D(0.87876713, 0, 0.47725078, 0, 1, 0, -0.47725078, 0, 0.87876713, -50.40695, 1.2354684, -71.61933)

[node name="GoldMine91" parent="res" unique_id=384664617 instance=ExtResource("4_nw7js")]
transform = Transform3D(0.53740263, 0, -0.8433258, 0, 1, 0, 0.8433258, 0, 0.53740263, -39.41385, 1.2354684, -72.89088)

[node name="GoldMine92" parent="res" unique_id=1987549569 instance=ExtResource("4_nw7js")]
transform = Transform3D(0.53740263, 0, -0.8433258, 0, 1, 0, 0.8433258, 0, 0.53740263, -48.094948, 1.2354684, -92.16312)

[node name="GoldMine93" parent="res" unique_id=2001452463 instance=ExtResource("4_nw7js")]
transform = Transform3D(0.53740263, 0, -0.8433258, 0, 1, 0, 0.8433258, 0, 0.53740263, -30.597763, 1.2354684, -82.643364)

[node name="GoldMine94" parent="res" unique_id=2044024188 instance=ExtResource("4_nw7js")]
transform = Transform3D(0.53740263, 0, -0.8433258, 0, 1, 0, 0.8433258, 0, 0.53740263, -30.84333, 1.2354684, -63.597153)

[node name="GoldMine96" parent="res" unique_id=1570748969 instance=ExtResource("4_nw7js")]
transform = Transform3D(0.53740263, 0, -0.8433258, 0, 1, 0, 0.8433258, 0, 0.53740263, -19.157814, 1.2354684, -71.23055)

[node name="GoldMine97" parent="res" unique_id=675250253 instance=ExtResource("4_nw7js")]
transform = Transform3D(1, 0, 0, 0, 1, 0, 0, 0, 1, 13.69696, 1.2354684, -78.50661)

[node name="GoldMine98" parent="res" unique_id=1462545226 instance=ExtResource("4_nw7js")]
transform = Transform3D(1, 0, 0, 0, 1, 0, 0, 0, 1, 14.270905, 1.2354684, -63.938324)

[node name="GoldMine99" parent="res" unique_id=1487438644 instance=ExtResource("4_nw7js")]
transform = Transform3D(1, 0, 0, 0, 1, 0, 0, 0, 1, 22.989525, 1.2354722, -66.423294)

[node name="GoldMine100" parent="res" unique_id=407626116 instance=ExtResource("4_nw7js")]
transform = Transform3D(1, 0, 0, 0, 1, 0, 0, 0, 1, 32.863304, 1.2354646, -70.19725)

[node name="GoldMine102" parent="res" unique_id=740995606 instance=ExtResource("4_nw7js")]
transform = Transform3D(1, 0, 0, 0, 1, 0, 0, 0, 1, 20.682556, 1.2354684, -85.60954)

[node name="GoldMine103" parent="res" unique_id=275025883 instance=ExtResource("4_nw7js")]
transform = Transform3D(1, 0, 0, 0, 1, 0, 0, 0, 1, 32.76825, 1.2354684, -91.64726)

[node name="GoldMine104" parent="res" unique_id=803856681 instance=ExtResource("4_nw7js")]
transform = Transform3D(1, 0, 0, 0, 1, 0, 0, 0, 1, 13.769943, 1.2354684, -102.3961)

[node name="GoldMine105" parent="res" unique_id=393551258 instance=ExtResource("4_nw7js")]
transform = Transform3D(1, 0, 0, 0, 1, 0, 0, 0, 1, 41.488556, 1.2354684, -103.29753)

[node name="GoldMine106" parent="res" unique_id=974028381 instance=ExtResource("4_nw7js")]
transform = Transform3D(1, 0, 0, 0, 1, 0, 0, 0, 1, 49.89325, 1.2354684, -77.21057)

[node name="GoldMine107" parent="res" unique_id=672537257 instance=ExtResource("4_nw7js")]
transform = Transform3D(1, 0, 0, 0, 1, 0, 0, 0, 1, 49.77266, 1.2354684, -92.55223)

[node name="GoldMine108" parent="res" unique_id=1749013625 instance=ExtResource("4_nw7js")]
transform = Transform3D(1, 0, 0, 0, 1, 0, 0, 0, 1, 59.685722, 1.2354684, -82.31279)

[node name="GoldMine109" parent="res" unique_id=476158139 instance=ExtResource("4_nw7js")]
transform = Transform3D(0.87876713, 0, 0.47725078, 0, 1, 0, -0.47725078, 0, 0.87876713, 79.03157, 1.2354684, -67.04498)

[node name="GoldMine110" parent="res" unique_id=317263700 instance=ExtResource("4_nw7js")]
transform = Transform3D(0.87876713, 0, 0.47725078, 0, 1, 0, -0.47725078, 0, 0.87876713, 84.59266, 1.2354684, -87.50249)

[node name="GoldMine111" parent="res" unique_id=614325356 instance=ExtResource("4_nw7js")]
transform = Transform3D(0.87876713, 0, 0.47725078, 0, 1, 0, -0.47725078, 0, 0.87876713, 65.39724, 1.2354684, -69.47555)

[node name="GoldMine112" parent="res" unique_id=1114342897 instance=ExtResource("4_nw7js")]
transform = Transform3D(0.87876713, 0, 0.47725078, 0, 1, 0, -0.47725078, 0, 0.87876713, 73.515396, 1.2354684, -75.95035)

[node name="GoldMine113" parent="res" unique_id=1795984331 instance=ExtResource("4_nw7js")]
transform = Transform3D(0.87876713, 0, 0.47725078, 0, 1, 0, -0.47725078, 0, 0.87876713, 68.550545, 1.2354684, -94.88548)

[node name="GoldMine114" parent="res" unique_id=495472718 instance=ExtResource("4_nw7js")]
transform = Transform3D(0.87876713, 0, 0.47725078, 0, 1, 0, -0.47725078, 0, 0.87876713, 92.22238, 1.2354684, -73.0556)

[node name="GoldMine115" parent="res" unique_id=344836038 instance=ExtResource("4_nw7js")]
transform = Transform3D(0.53740263, 0, -0.8433258, 0, 1, 0, 0.8433258, 0, 0.53740263, 103.215485, 1.2354684, -74.32715)

[node name="GoldMine116" parent="res" unique_id=1540790029 instance=ExtResource("4_nw7js")]
transform = Transform3D(0.53740263, 0, -0.8433258, 0, 1, 0, 0.8433258, 0, 0.53740263, 99.5973, 1.2354684, -90.04625)

[node name="GoldMine117" parent="res" unique_id=1019182087 instance=ExtResource("4_nw7js")]
transform = Transform3D(0.53740263, 0, -0.8433258, 0, 1, 0, 0.8433258, 0, 0.53740263, 112.03157, 1.2354684, -84.079636)

[node name="GoldMine118" parent="res" unique_id=81221310 instance=ExtResource("4_nw7js")]
transform = Transform3D(0.53740263, 0, -0.8433258, 0, 1, 0, 0.8433258, 0, 0.53740263, 111.786, 1.2354684, -65.033424)

[node name="GoldMine130" parent="res" unique_id=161535746 instance=ExtResource("4_nw7js")]
transform = Transform3D(0.53740263, 0, -0.8433258, 0, 1, 0, 0.8433258, 0, 0.53740263, 132.84369, 1.2354684, -99.33383)

[node name="GoldMine131" parent="res" unique_id=709948060 instance=ExtResource("4_nw7js")]
transform = Transform3D(0.53740263, 0, -0.8433258, 0, 1, 0, 0.8433258, 0, 0.53740263, 118.84369, 1.2354684, -108.33383)

[node name="GoldMine132" parent="res" unique_id=1067591317 instance=ExtResource("4_nw7js")]
transform = Transform3D(0.53740263, 0, -0.8433258, 0, 1, 0, 0.8433258, 0, 0.53740263, 106.84369, 1.2354684, -120.33383)

[node name="GoldMine133" parent="res" unique_id=495018436 instance=ExtResource("4_nw7js")]
transform = Transform3D(0.53740263, 0, -0.8433258, 0, 1, 0, 0.8433258, 0, 0.53740263, 83.44513, 1.2354684, -105.36948)

[node name="GoldMine134" parent="res" unique_id=291136828 instance=ExtResource("4_nw7js")]
transform = Transform3D(0.53740263, 0, -0.8433258, 0, 1, 0, 0.8433258, 0, 0.53740263, 93.96422, 1.2354684, -103.94011)

[node name="GoldMine135" parent="res" unique_id=260276836 instance=ExtResource("4_nw7js")]
transform = Transform3D(0.53740263, 0, -0.8433258, 0, 1, 0, 0.8433258, 0, 0.53740263, 126.28601, 1.2354684, -129.41766)

[node name="GoldMine136" parent="res" unique_id=824561972 instance=ExtResource("4_nw7js")]
transform = Transform3D(0.53740263, 0, -0.8433258, 0, 1, 0, 0.8433258, 0, 0.53740263, 139.16444, 1.2354684, -128.35599)

[node name="GoldMine137" parent="res" unique_id=745689250 instance=ExtResource("4_nw7js")]
transform = Transform3D(0.53740263, 0, -0.8433258, 0, 1, 0, 0.8433258, 0, 0.53740263, 143.16444, 1.2354684, -113.35599)

[node name="GoldMine138" parent="res" unique_id=282825538 instance=ExtResource("4_nw7js")]
transform = Transform3D(0.53740263, 0, -0.8433258, 0, 1, 0, 0.8433258, 0, 0.53740263, 151.16444, 1.2354684, -98.35599)

[node name="GoldMine139" parent="res" unique_id=197211631 instance=ExtResource("4_nw7js")]
transform = Transform3D(0.53740263, 0, -0.8433258, 0, 1, 0, 0.8433258, 0, 0.53740263, 142.16444, 1.2354684, -72.35599)

[node name="GoldMine140" parent="res" unique_id=1193046971 instance=ExtResource("4_nw7js")]
transform = Transform3D(0.53740263, 0, -0.8433258, 0, 1, 0, 0.8433258, 0, 0.53740263, 147.16444, 1.2354684, -82.35599)

[node name="GoldMine141" parent="res" unique_id=14134303 instance=ExtResource("4_nw7js")]
transform = Transform3D(0.53740263, 0, -0.8433258, 0, 1, 0, 0.8433258, 0, 0.53740263, 125.275604, 1.2354684, -59.48806)

[node name="GoldMine143" parent="res" unique_id=990652171 instance=ExtResource("4_nw7js")]
transform = Transform3D(0.53740263, 0, -0.8433258, 0, 1, 0, 0.8433258, 0, 0.53740263, 105.83441, 1.2354684, -48.960117)

